1 1659724
10 1659736
10 1659748
200202001 1659220
200202001 1659364
200202001 1659436
200202002 1659328
200202003 1659256
200202004 1659232
200202004 1659376
200202005 1659268
200202005 1659556
200202006 1659196
200202006 1659484
200202006 1659676
200202007 1659352
200202007 1659400
200202007 1659472
200202008 1659184
200202008 1659292
200202009 1659520
200202010 1659616
200202011 1659628
200202012 1659640
200202013 1659460
200202014 1659316
200202015 1659412
200202016 1659172
200202017 1659544
200202018 1659388
200202019 1659568
200202020 1659664
200202021 1659448
200202022 1659112
200202022 1659712
200202023 1659136
200202024 1659592
200202025 1659496
200202026 1659304
200202027 1659508
200202028 1659124
200202029 1659424
200202030 1659148
200202031 1659160
200202032 1659604
200202033 1659532
200202034 1659688
200202035 1659580
200202036 1659652
200202037 1659244
200202038 1659280
200202039 1659700
200202040 1659340
200202041 1659208
